50544,1000702,全,all
