90081,1001301,全,all
93145,1001321,全,all
