11455,6301000,全,all
