83165,6401400,全,all
83241,6401300,全,all
