80749,6400500,全,all
83060,6401200,全,all
